1 0.7138671875 0.3759765625 0.0673828125 0.1083984375
1 0.884765625 0.2734375 0.0546875 0.1044921875
1 0.6435546875 0.2431640625 0.0625 0.1201171875
1 0.3916015625 0.4267578125 0.0576171875 0.08203125
1 0.431640625 0.3388671875 0.052734375 0.0859375
1 0.0400390625 0.369140625 0.080078125 0.228515625
1 0.330078125 0.3525390625 0.044921875 0.0673828125
1 0.2685546875 0.322265625 0.052734375 0.0673828125
1 0.09375 0.31640625 0.037109375 0.056640625
1 0.197265625 0.3125 0.0400390625 0.048828125
1 0.15234375 0.2841796875 0.01953125 0.037109375
1 0.51171875 0.28125 0.02734375 0.044921875