1 0.0166015625 0.515625 0.0224609375 0.044921875
1 0.0751953125 0.8046875 0.01953125 0.03515625
1 0.072265625 0.4931640625 0.025390625 0.044921875
1 0.1376953125 0.501953125 0.025390625 0.0537109375
2 0.1171875 0.62890625 0.025390625 0.048828125
2 0.1650390625 0.7109375 0.01953125 0.044921875
1 0.1328125 0.373046875 0.025390625 0.044921875
1 0.18359375 0.3818359375 0.0126953125 0.044921875
2 0.146484375 0.2685546875 0.0224609375 0.0400390625
1 0.0908203125 0.1533203125 0.017578125 0.0400390625
1 0.2724609375 0.6865234375 0.0302734375 0.0576171875
1 0.3388671875 0.8955078125 0.0322265625 0.0576171875
1 0.302734375 0.6220703125 0.025390625 0.0537109375
2 0.2978515625 0.482421875 0.01953125 0.0400390625
1 0.275390625 0.4130859375 0.01953125 0.044921875
1 0.3720703125 0.4892578125 0.01953125 0.044921875
1 0.392578125 0.6982421875 0.0302734375 0.0537109375
1 0.4287109375 0.8134765625 0.02734375 0.0625
1 0.3974609375 0.7998046875 0.0302734375 0.0625
1 0.4814453125 0.916015625 0.017578125 0.044921875
1 0.4912109375 0.6552734375 0.02734375 0.0576171875
1 0.4736328125 0.6044921875 0.0322265625 0.03515625
1 0.451171875 0.453125 0.02734375 0.044921875
1 0.3583984375 0.373046875 0.02734375 0.044921875
1 0.2314453125 0.259765625 0.0224609375 0.03125
2 0.2197265625 0.2197265625 0.01953125 0.0400390625
2 0.27734375 0.271484375 0.025390625 0.044921875
2 0.3125 0.244140625 0.01953125 0.03515625
1 0.380859375 0.2734375 0.0224609375 0.0400390625
1 0.3603515625 0.20703125 0.025390625 0.0400390625
1 0.2763671875 0.080078125 0.017578125 0.03515625
1 0.3125 0.048828125 0.0146484375 0.03515625
1 0.3388671875 0.1640625 0.017578125 0.03515625
1 0.4150390625 0.158203125 0.01953125 0.03125
1 0.25390625 0.2041015625 0.017578125 0.03515625
1 0.4375 0.3759765625 0.025390625 0.0400390625
1 0.4736328125 0.3173828125 0.0224609375 0.048828125
1 0.505859375 0.3642578125 0.0224609375 0.044921875
1 0.517578125 0.482421875 0.01953125 0.0400390625
1 0.630859375 0.8779296875 0.0322265625 0.0576171875
1 0.6748046875 0.966796875 0.03515625 0.0576171875
1 0.6220703125 0.5712890625 0.025390625 0.0400390625
1 0.6298828125 0.404296875 0.025390625 0.03515625
1 0.5615234375 0.3818359375 0.0224609375 0.044921875
1 0.580078125 0.3466796875 0.01953125 0.03515625
1 0.5859375 0.2802734375 0.017578125 0.03515625
1 0.5302734375 0.2041015625 0.01953125 0.03515625
1 0.330078125 0.015625 0.0146484375 0.03125
2 0.4189453125 0.046875 0.0126953125 0.03125
1 0.4501953125 0.03125 0.01953125 0.03515625
1 0.5185546875 0.0751953125 0.017578125 0.03515625
1 0.5625 0.029296875 0.0146484375 0.03125
1 0.6513671875 0.1376953125 0.017578125 0.03515625
2 0.673828125 0.111328125 0.017578125 0.0263671875
1 0.662109375 0.2822265625 0.01953125 0.03125
1 0.7001953125 0.3935546875 0.01953125 0.0400390625
1 0.73046875 0.61328125 0.0302734375 0.0537109375
1 0.7265625 0.4443359375 0.0224609375 0.044921875
1 0.75 0.4931640625 0.025390625 0.044921875
1 0.763671875 0.41796875 0.0224609375 0.044921875
1 0.7587890625 0.5869140625 0.0224609375 0.044921875
1 0.70703125 0.0732421875 0.0146484375 0.03125
1 0.6689453125 0.015625 0.017578125 0.03125
1 0.7333984375 0.015625 0.0126953125 0.03125
1 0.7685546875 0.033203125 0.0126953125 0.03125
2 0.76953125 0.078125 0.0146484375 0.03125
2 0.7421875 0.158203125 0.0146484375 0.03125
1 0.8095703125 0.20703125 0.01953125 0.0400390625
1 0.86328125 0.11328125 0.017578125 0.03125
2 0.875 0.013671875 0.0146484375 0.0263671875
1 0.9091796875 0.109375 0.017578125 0.03125
1 0.89453125 0.1826171875 0.01953125 0.03515625
1 0.888671875 0.259765625 0.0224609375 0.0400390625
1 0.8564453125 0.291015625 0.017578125 0.0400390625
1 0.91015625 0.30859375 0.01953125 0.0400390625
1 0.951171875 0.2490234375 0.0126953125 0.0263671875
1 0.9228515625 0.3779296875 0.025390625 0.044921875
1 0.955078125 0.455078125 0.025390625 0.0400390625
1 0.9677734375 0.306640625 0.01953125 0.044921875
1 0.857421875 0.0751953125 0.0146484375 0.0263671875
1 0.9873046875 0.67578125 0.01953125 0.0537109375
1 0.986328125 0.583984375 0.0224609375 0.048828125
1 0.9384765625 0.5107421875 0.0224609375 0.03515625