1 0.205078125 0.1552734375 0.0546875 0.0771484375
1 0.287109375 0.3818359375 0.044921875 0.0654296875
1 0.4638671875 0.205078125 0.0478515625 0.0693359375
1 0.9111328125 0.1953125 0.04296875 0.0654296875
1 0.6884765625 0.216796875 0.037109375 0.0546875
1 0.607421875 0.197265625 0.03515625 0.046875
1 0.5634765625 0.228515625 0.02734375 0.046875
1 0.076171875 0.189453125 0.02734375 0.0390625
1 0.2900390625 0.1494140625 0.025390625 0.04296875
1 0.337890625 0.1806640625 0.01953125 0.03515625
1 0.3876953125 0.1865234375 0.01953125 0.03125
1 0.9716796875 0.19921875 0.017578125 0.02734375