1 0.0888671875 0.8271484375 0.0625 0.0869140625
1 0.21875 0.8271484375 0.0576171875 0.0869140625
1 0.330078125 0.85546875 0.0546875 0.0830078125
1 0.50390625 0.900390625 0.0673828125 0.0869140625
1 0.7939453125 0.7666015625 0.0625 0.0732421875
1 0.9521484375 0.8349609375 0.0546875 0.0498046875
1 0.6640625 0.658203125 0.0576171875 0.0771484375
1 0.8486328125 0.5068359375 0.0478515625 0.0595703125
1 0.978515625 0.568359375 0.0322265625 0.0634765625
1 0.71875 0.5029296875 0.037109375 0.0537109375
1 0.54296875 0.6787109375 0.0546875 0.0703125
1 0.4072265625 0.64453125 0.0546875 0.0703125
1 0.224609375 0.587890625 0.0302734375 0.0771484375
1 0.1875 0.5732421875 0.0546875 0.080078125
1 0.1201171875 0.5703125 0.0498046875 0.0732421875
1 0.0126953125 0.54296875 0.025390625 0.0732421875
1 0.01953125 0.390625 0.0390625 0.04296875
1 0.1298828125 0.3896484375 0.044921875 0.0595703125
1 0.2626953125 0.4287109375 0.0400390625 0.056640625
1 0.3427734375 0.419921875 0.044921875 0.0595703125
1 0.46875 0.48046875 0.052734375 0.0595703125
1 0.5703125 0.4931640625 0.0498046875 0.0595703125
1 0.9638671875 0.353515625 0.04296875 0.0595703125
1 0.8134765625 0.31640625 0.02734375 0.0595703125
1 0.72265625 0.3046875 0.0400390625 0.0634765625
1 0.650390625 0.3037109375 0.044921875 0.046875
1 0.537109375 0.25 0.0400390625 0.0595703125
1 0.482421875 0.2568359375 0.03515625 0.0595703125
1 0.3720703125 0.212890625 0.03515625 0.0595703125
1 0.291015625 0.23046875 0.0322265625 0.0537109375
1 0.1787109375 0.203125 0.0322265625 0.0537109375
1 0.0849609375 0.2021484375 0.0400390625 0.0634765625
1 0.0185546875 0.19140625 0.037109375 0.056640625
1 0.017578125 0.0966796875 0.0302734375 0.046875
1 0.1162109375 0.103515625 0.0224609375 0.046875
1 0.2060546875 0.1396484375 0.0322265625 0.0537109375
1 0.33203125 0.14453125 0.0302734375 0.056640625
1 0.4833984375 0.1181640625 0.02734375 0.056640625
1 0.572265625 0.150390625 0.03515625 0.0595703125
1 0.6953125 0.1796875 0.03515625 0.0595703125
1 0.787109375 0.158203125 0.0400390625 0.0634765625
1 0.900390625 0.19140625 0.03515625 0.056640625
1 0.9853515625 0.2099609375 0.025390625 0.0595703125
1 0.8154296875 0.0595703125 0.0302734375 0.046875
1 0.740234375 0.068359375 0.03515625 0.0498046875
1 0.6416015625 0.0615234375 0.0322265625 0.056640625
1 0.5966796875 0.01953125 0.025390625 0.0390625
1 0.513671875 0.056640625 0.0322265625 0.046875
1 0.4462890625 0.0595703125 0.0322265625 0.0400390625
1 0.37890625 0.046875 0.0322265625 0.046875
1 0.291015625 0.0302734375 0.037109375 0.046875
1 0.1748046875 0.0517578125 0.025390625 0.037109375
1 0.1103515625 0.0234375 0.025390625 0.046875