1 0.044921875 0.58984375 0.0849609375 0.123046875
1 0.0849609375 0.4248046875 0.0400390625 0.0595703125
1 0.12109375 0.390625 0.02734375 0.04296875
1 0.169921875 0.34765625 0.025390625 0.0302734375
1 0.021484375 0.3583984375 0.0224609375 0.0263671875
1 0.1962890625 0.4267578125 0.037109375 0.04296875
1 0.2333984375 0.3583984375 0.02734375 0.0400390625
1 0.28515625 0.5263671875 0.115234375 0.1630859375
1 0.2900390625 0.3525390625 0.025390625 0.0263671875
1 0.3759765625 0.365234375 0.017578125 0.01953125
1 0.3984375 0.388671875 0.02734375 0.033203125
1 0.44140625 0.4521484375 0.04296875 0.0595703125
1 0.541015625 0.44140625 0.0625 0.0859375
1 0.505859375 0.3984375 0.0224609375 0.046875
1 0.443359375 0.380859375 0.017578125 0.0234375
1 0.583984375 0.3505859375 0.02734375 0.0302734375
1 0.7001953125 0.3916015625 0.025390625 0.0263671875
1 0.69921875 0.34375 0.017578125 0.0234375
1 0.7451171875 0.4384765625 0.025390625 0.033203125
1 0.7265625 0.3603515625 0.017578125 0.0166015625
1 0.775390625 0.3974609375 0.01953125 0.0302734375
1 0.82421875 0.443359375 0.0478515625 0.0634765625
1 0.8896484375 0.3984375 0.025390625 0.033203125
1 0.986328125 0.4580078125 0.0224609375 0.06640625
1 0.9599609375 0.3857421875 0.0302734375 0.033203125
2 0.54296875 0.3486328125 0.0146484375 0.01953125