1 0.08203125 0.314453125 0.044921875 0.0751953125
1 0.146484375 0.28125 0.037109375 0.0595703125
1 0.197265625 0.2490234375 0.0302734375 0.048828125
1 0.2666015625 0.32421875 0.0478515625 0.0712890625
1 0.4189453125 0.3125 0.0478515625 0.0712890625
1 0.505859375 0.2451171875 0.08203125 0.130859375
1 0.603515625 0.23828125 0.04296875 0.0859375
1 0.6953125 0.322265625 0.0302734375 0.044921875
1 0.76171875 0.27734375 0.04296875 0.0751953125
1 0.8525390625 0.3291015625 0.03515625 0.0595703125
1 0.9375 0.3017578125 0.03515625 0.0634765625
1 0.9697265625 0.2900390625 0.01953125 0.048828125
1 0.2783203125 0.236328125 0.02734375 0.037109375