1 0.0087890625 0.3515625 0.017578125 0.0263671875
1 0.115234375 0.3759765625 0.01953125 0.03125
1 0.0341796875 0.451171875 0.037109375 0.06640625
1 0.0947265625 0.5400390625 0.0302734375 0.06640625
1 0.2060546875 0.4404296875 0.052734375 0.09765625
1 0.228515625 0.369140625 0.0224609375 0.0537109375
1 0.2578125 0.33984375 0.01953125 0.0400390625
1 0.32421875 0.35546875 0.0126953125 0.0263671875
1 0.298828125 0.390625 0.017578125 0.03515625
1 0.3203125 0.470703125 0.03515625 0.0712890625
1 0.3525390625 0.435546875 0.01953125 0.0537109375
1 0.3984375 0.44921875 0.0576171875 0.09765625
1 0.4521484375 0.626953125 0.0654296875 0.1337890625
0 0.443359375 0.3798828125 0.0126953125 0.0224609375
1 0.5947265625 0.46875 0.025390625 0.06640625
1 0.642578125 0.404296875 0.01953125 0.044921875
1 0.6875 0.498046875 0.03515625 0.0712890625
1 0.84765625 0.646484375 0.16015625 0.306640625
1 0.9404296875 0.740234375 0.0595703125 0.12890625