2 0.0458984375 0.037109375 0.0576171875 0.0732421875
1 0.0478515625 0.3466796875 0.0546875 0.09375
1 0.2421875 0.263671875 0.0595703125 0.080078125
1 0.28125 0.0654296875 0.0625 0.08984375
2 0.0595703125 0.4697265625 0.0498046875 0.0869140625
1 0.021484375 0.8779296875 0.04296875 0.1298828125
1 0.0947265625 0.78125 0.0703125 0.1162109375
0 0.142578125 0.7119140625 0.0546875 0.1103515625
1 0.2470703125 0.486328125 0.0546875 0.09375
1 0.4912109375 0.134765625 0.0625 0.0771484375
1 0.4833984375 0.2666015625 0.0673828125 0.09375
1 0.5009765625 0.419921875 0.0625 0.09375
1 0.365234375 0.921875 0.0703125 0.1103515625
1 0.521484375 0.7470703125 0.072265625 0.09375
1 0.5751953125 0.8212890625 0.0751953125 0.1103515625
1 0.66015625 0.4833984375 0.0546875 0.0869140625
1 0.681640625 0.26171875 0.0625 0.08984375
1 0.775390625 0.2568359375 0.0595703125 0.099609375
1 0.85546875 0.080078125 0.044921875 0.0732421875
1 0.9365234375 0.337890625 0.0673828125 0.0830078125
1 0.9658203125 0.63671875 0.0625 0.0869140625