2 0.1484375 0.83984375 0.1171875 0.212890625
2 0.0634765625 0.5869140625 0.1025390625 0.142578125
1 0.0439453125 0.38671875 0.08203125 0.09765625
1 0.1396484375 0.369140625 0.08984375 0.1689453125
1 0.20703125 0.3447265625 0.0400390625 0.083984375
2 0.2734375 0.4111328125 0.0927734375 0.1728515625
1 0.34375 0.677734375 0.1123046875 0.19140625
1 0.4423828125 0.646484375 0.0849609375 0.146484375
1 0.5859375 0.6376953125 0.1328125 0.2265625
1 0.49609375 0.4423828125 0.04296875 0.146484375
2 0.357421875 0.3603515625 0.0654296875 0.1337890625
0 0.4521484375 0.3115234375 0.0703125 0.1240234375
2 0.5810546875 0.2802734375 0.0625 0.115234375
2 0.2099609375 0.1826171875 0.0546875 0.09765625
1 0.1728515625 0.2021484375 0.03515625 0.083984375
1 0.12109375 0.1357421875 0.04296875 0.0751953125
1 0.0283203125 0.2060546875 0.056640625 0.119140625
0 0.072265625 0.1982421875 0.03515625 0.0751953125
1 0.193359375 0.0419921875 0.02734375 0.048828125
1 0.244140625 0.1181640625 0.0224609375 0.048828125
1 0.2626953125 0.1884765625 0.044921875 0.083984375
1 0.41015625 0.3173828125 0.0400390625 0.1025390625
1 0.37890625 0.212890625 0.037109375 0.0625
1 0.333984375 0.162109375 0.037109375 0.0576171875
1 0.3759765625 0.1533203125 0.04296875 0.0576171875
1 0.33203125 0.0537109375 0.025390625 0.0537109375
1 0.291015625 0.0595703125 0.0126953125 0.0400390625
1 0.3935546875 0.078125 0.0224609375 0.048828125
1 0.41015625 0.11328125 0.0302734375 0.048828125
2 0.478515625 0.1220703125 0.037109375 0.0751953125
1 0.51171875 0.20703125 0.04296875 0.09375
1 0.50390625 0.27734375 0.04296875 0.083984375
1 0.5166015625 0.048828125 0.0126953125 0.0537109375
1 0.5771484375 0.0576171875 0.01953125 0.044921875
1 0.63671875 0.0400390625 0.02734375 0.0537109375
0 0.6552734375 0.1669921875 0.044921875 0.0751953125
2 0.625 0.2685546875 0.025390625 0.09375
1 0.6787109375 0.3759765625 0.0625 0.1025390625
1 0.6865234375 0.177734375 0.02734375 0.0712890625
2 0.697265625 0.0576171875 0.01953125 0.044921875
1 0.681640625 0.5224609375 0.02734375 0.0751953125
1 0.7470703125 0.5751953125 0.080078125 0.1728515625
1 0.81640625 0.7734375 0.1220703125 0.2490234375
1 0.84765625 0.2802734375 0.0595703125 0.115234375
2 0.955078125 0.3173828125 0.025390625 0.1025390625
1 0.89453125 0.259765625 0.03515625 0.1025390625
1 0.73828125 0.357421875 0.052734375 0.0751953125
1 0.7958984375 0.2109375 0.0478515625 0.083984375
1 0.7802734375 0.111328125 0.044921875 0.0888671875
0 0.8271484375 0.0869140625 0.0302734375 0.083984375
1 0.912109375 0.126953125 0.01953125 0.0576171875