1 0.0849609375 0.46875 0.044921875 0.12890625
1 0.2822265625 0.4375 0.0400390625 0.1025390625
1 0.33203125 0.498046875 0.0595703125 0.09765625
1 0.396484375 0.3662109375 0.04296875 0.09375
2 0.4453125 0.38671875 0.0546875 0.1064453125
1 0.505859375 0.5 0.0771484375 0.1552734375
2 0.5 0.2998046875 0.044921875 0.083984375
2 0.580078125 0.2822265625 0.0498046875 0.1025390625
2 0.701171875 0.33984375 0.0478515625 0.09375
1 0.6708984375 0.4580078125 0.0478515625 0.09765625
1 0.7421875 0.4375 0.0498046875 0.1201171875
1 0.8896484375 0.35546875 0.044921875 0.0888671875
0 0.7890625 0.482421875 0.0673828125 0.1201171875
2 0.9560546875 0.388671875 0.0625 0.1025390625
2 0.1826171875 0.357421875 0.0302734375 0.0576171875
2 0.8154296875 0.337890625 0.0302734375 0.0625
1 0.9287109375 0.3203125 0.02734375 0.0537109375