1 0.03125 0.2998046875 0.0322265625 0.083984375
1 0.111328125 0.275390625 0.0478515625 0.0888671875
1 0.2578125 0.6181640625 0.03515625 0.0625
1 0.3037109375 0.435546875 0.037109375 0.080078125
1 0.34765625 0.3603515625 0.03515625 0.0625
1 0.416015625 0.40625 0.04296875 0.06640625
1 0.4638671875 0.404296875 0.0322265625 0.0537109375
1 0.568359375 0.3759765625 0.0322265625 0.06640625
1 0.634765625 0.388671875 0.03515625 0.06640625
1 0.7197265625 0.3291015625 0.03515625 0.0625
2 0.21875 0.3359375 0.037109375 0.0751953125
2 0.3115234375 0.3486328125 0.02734375 0.048828125
2 0.5302734375 0.38671875 0.0302734375 0.0712890625
2 0.392578125 0.3662109375 0.03515625 0.06640625