1 0.0546875 0.22265625 0.0703125 0.0859375
1 0.1875 0.2060546875 0.0654296875 0.09765625
1 0.3125 0.2001953125 0.0703125 0.1015625
1 0.4033203125 0.236328125 0.0625 0.0673828125
1 0.4560546875 0.2412109375 0.0625 0.1015625
1 0.7041015625 0.216796875 0.0625 0.142578125
1 0.84375 0.283203125 0.072265625 0.130859375
1 0.8935546875 0.548828125 0.0771484375 0.146484375
1 0.806640625 0.6328125 0.08203125 0.1123046875
1 0.6083984375 0.6103515625 0.072265625 0.1201171875
1 0.521484375 0.501953125 0.0673828125 0.142578125
1 0.34765625 0.591796875 0.08984375 0.1123046875
1 0.138671875 0.501953125 0.072265625 0.126953125