1 0.041015625 0.947265625 0.072265625 0.0888671875
1 0.1201171875 0.849609375 0.0703125 0.1328125
0 0.1650390625 0.763671875 0.0546875 0.119140625
2 0.0927734375 0.4755859375 0.0498046875 0.0927734375
1 0.2626953125 0.498046875 0.0498046875 0.1103515625
1 0.2587890625 0.21875 0.0576171875 0.0927734375
1 0.08203125 0.3232421875 0.044921875 0.1064453125
1 0.021484375 0.2783203125 0.0322265625 0.0888671875
1 0.5615234375 0.900390625 0.072265625 0.1279296875
1 0.517578125 0.8056640625 0.0654296875 0.09765625
1 0.4970703125 0.4111328125 0.0595703125 0.1064453125
1 0.4814453125 0.21875 0.0625 0.0927734375
1 0.486328125 0.064453125 0.0576171875 0.0751953125
1 0.66015625 0.21875 0.0546875 0.1103515625
1 0.6396484375 0.484375 0.0546875 0.1015625
1 0.7470703125 0.216796875 0.0595703125 0.115234375
1 0.8212890625 0.13671875 0.0576171875 0.0888671875
1 0.8935546875 0.31640625 0.0673828125 0.1015625
1 0.9326171875 0.6796875 0.0654296875 0.1015625