1 0.0810546875 0.21875 0.052734375 0.0927734375
1 0.166015625 0.2763671875 0.04296875 0.083984375
1 0.2978515625 0.181640625 0.0302734375 0.0615234375
1 0.349609375 0.2568359375 0.0546875 0.1064453125
1 0.365234375 0.181640625 0.03515625 0.0615234375
1 0.4052734375 0.232421875 0.0400390625 0.083984375
1 0.447265625 0.466796875 0.0546875 0.0927734375
1 0.474609375 0.2255859375 0.0302734375 0.0615234375
1 0.52734375 0.21875 0.0302734375 0.0751953125
1 0.5615234375 0.23046875 0.04296875 0.0888671875
1 0.611328125 0.2607421875 0.037109375 0.0703125
1 0.6513671875 0.30078125 0.0478515625 0.0888671875
1 0.7099609375 0.318359375 0.0546875 0.09765625
1 0.7626953125 0.2080078125 0.0400390625 0.080078125
2 0.806640625 0.2099609375 0.037109375 0.0576171875
1 0.880859375 0.185546875 0.04296875 0.0888671875
1 0.9384765625 0.2099609375 0.04296875 0.0927734375
1 0.8388671875 0.2080078125 0.0224609375 0.052734375