1 0.177734375 0.2841796875 0.01953125 0.0400390625
2 0.2822265625 0.2939453125 0.025390625 0.0517578125
2 0.33984375 0.2861328125 0.0302734375 0.0517578125
1 0.3876953125 0.330078125 0.0400390625 0.068359375
1 0.474609375 0.2802734375 0.044921875 0.087890625
2 0.48828125 0.3017578125 0.017578125 0.0517578125
1 0.5400390625 0.3056640625 0.0400390625 0.076171875
2 0.572265625 0.337890625 0.01953125 0.0439453125
1 0.6015625 0.34375 0.037109375 0.064453125
1 0.7314453125 0.3583984375 0.04296875 0.068359375
2 0.9228515625 0.2978515625 0.0146484375 0.076171875