1 0.083984375 0.267578125 0.04296875 0.0859375
1 0.1650390625 0.314453125 0.0498046875 0.0732421875
1 0.298828125 0.232421875 0.02734375 0.0576171875
1 0.353515625 0.2939453125 0.0478515625 0.09765625
1 0.3701171875 0.234375 0.0302734375 0.0615234375
1 0.4052734375 0.275390625 0.0400390625 0.0771484375
1 0.4521484375 0.4736328125 0.0498046875 0.08203125
1 0.4326171875 0.2529296875 0.0146484375 0.0576171875
1 0.4765625 0.271484375 0.02734375 0.0615234375
1 0.525390625 0.267578125 0.0302734375 0.0693359375
1 0.55859375 0.2734375 0.04296875 0.08203125
1 0.611328125 0.3017578125 0.037109375 0.0654296875
1 0.6484375 0.328125 0.037109375 0.0771484375
1 0.7109375 0.3505859375 0.052734375 0.08203125
1 0.71875 0.2138671875 0.0224609375 0.052734375
1 0.767578125 0.2548828125 0.03515625 0.0693359375
2 0.8046875 0.2548828125 0.03515625 0.0615234375
1 0.837890625 0.2470703125 0.01953125 0.044921875
1 0.8798828125 0.236328125 0.0400390625 0.0654296875
1 0.9365234375 0.2548828125 0.0478515625 0.0771484375