2 0.04296875 0.71875 0.01953125 0.0595703125
1 0.0966796875 0.728515625 0.04296875 0.0712890625
1 0.173828125 0.6962890625 0.017578125 0.044921875
1 0.259765625 0.7529296875 0.0400390625 0.0595703125
2 0.3251953125 0.5654296875 0.025390625 0.044921875
1 0.3525390625 0.58203125 0.03515625 0.048828125
0 0.39453125 0.595703125 0.0302734375 0.037109375
2 0.369140625 0.6630859375 0.0322265625 0.052734375
1 0.3212890625 0.6982421875 0.037109375 0.048828125
1 0.4140625 0.673828125 0.037109375 0.0595703125
1 0.455078125 0.6240234375 0.03515625 0.0634765625
1 0.5478515625 0.591796875 0.0302734375 0.044921875
1 0.5029296875 0.6982421875 0.0400390625 0.0634765625
1 0.5263671875 0.771484375 0.04296875 0.0751953125
1 0.5986328125 0.580078125 0.037109375 0.0595703125
2 0.57421875 0.9609375 0.0478515625 0.0712890625
1 0.56640625 0.4833984375 0.02734375 0.037109375
1 0.51171875 0.447265625 0.0224609375 0.041015625
1 0.615234375 0.48828125 0.025390625 0.041015625
1 0.7275390625 0.412109375 0.025390625 0.037109375
1 0.7861328125 0.4228515625 0.017578125 0.0302734375
1 0.9052734375 0.5 0.025390625 0.0341796875