1 0.0654296875 0.701171875 0.1201171875 0.3037109375
2 0.4228515625 0.0625 0.0400390625 0.06640625
1 0.3203125 0.056640625 0.0595703125 0.0693359375
1 0.052734375 0.0205078125 0.0546875 0.0400390625
1 0.255859375 0.171875 0.052734375 0.0810546875
1 0.3447265625 0.18359375 0.0703125 0.1025390625
2 0.587890625 0.20703125 0.0400390625 0.0693359375
2 0.5498046875 0.26171875 0.0595703125 0.083984375
1 0.6865234375 0.142578125 0.0576171875 0.095703125
1 0.8251953125 0.1943359375 0.044921875 0.0810546875
1 0.7763671875 0.4775390625 0.08203125 0.1064453125
1 0.931640625 0.353515625 0.0625 0.083984375
1 0.4951171875 0.416015625 0.0703125 0.11328125