1 0.02734375 0.2724609375 0.0400390625 0.076171875
1 0.1376953125 0.28515625 0.03515625 0.0712890625
1 0.228515625 0.2939453125 0.037109375 0.0712890625
1 0.2763671875 0.201171875 0.0322265625 0.076171875
1 0.33203125 0.2412109375 0.03515625 0.0810546875
1 0.4384765625 0.2705078125 0.037109375 0.0810546875
1 0.5654296875 0.2587890625 0.03515625 0.076171875
1 0.6513671875 0.306640625 0.0322265625 0.0673828125
1 0.7421875 0.298828125 0.03515625 0.0712890625
1 0.8359375 0.349609375 0.04296875 0.0673828125
1 0.9521484375 0.3134765625 0.044921875 0.0810546875