1 0.3466796875 0.7763671875 0.1123046875 0.2080078125
1 0.5283203125 0.130859375 0.04296875 0.0927734375
2 0.7333984375 0.1220703125 0.0625 0.1015625
1 0.630859375 0.3759765625 0.052734375 0.1064453125
2 0.28125 0.0615234375 0.017578125 0.03515625
2 0.333984375 0.0751953125 0.017578125 0.03515625
2 0.4228515625 0.046875 0.01953125 0.03125
1 0.81640625 0.18359375 0.02734375 0.0400390625
1 0.681640625 0.0615234375 0.0224609375 0.0439453125
2 0.5888671875 0.0439453125 0.017578125 0.0439453125
2 0.6162109375 0.013671875 0.0126953125 0.0263671875
1 0.37109375 0.11328125 0.0224609375 0.048828125
1 0.369140625 0.1796875 0.037109375 0.1015625