1 0.8466796875 0.1689453125 0.0625 0.09765625
1 0.08984375 0.2060546875 0.0498046875 0.0673828125
1 0.6435546875 0.1943359375 0.0478515625 0.0751953125
1 0.708984375 0.2958984375 0.0322265625 0.052734375
0 0.9365234375 0.2978515625 0.0478515625 0.0791015625
0 0.4775390625 0.1962890625 0.0546875 0.1015625
0 0.1162109375 0.279296875 0.0576171875 0.09375
2 0.0224609375 0.2001953125 0.044921875 0.0712890625
2 0.1953125 0.2939453125 0.0546875 0.0859375
2 0.2333984375 0.232421875 0.037109375 0.0595703125
2 0.3623046875 0.2431640625 0.044921875 0.0595703125
2 0.6015625 0.2158203125 0.04296875 0.0634765625
2 0.7236328125 0.1533203125 0.0478515625 0.0673828125