1 0.3583984375 0.3330078125 0.0625 0.1865234375
1 0.0751953125 0.3779296875 0.080078125 0.16015625
1 0.16796875 0.27734375 0.0654296875 0.146484375
1 0.388671875 0.4912109375 0.0625 0.146484375
1 0.44140625 0.353515625 0.0576171875 0.12890625
1 0.599609375 0.2822265625 0.0947265625 0.1552734375
1 0.23828125 0.3203125 0.037109375 0.115234375
0 0.6396484375 0.486328125 0.099609375 0.2177734375
2 0.759765625 0.4267578125 0.0703125 0.16015625
2 0.951171875 0.3359375 0.052734375 0.1201171875
2 0.9814453125 0.3310546875 0.0322265625 0.146484375