1 0.1279296875 0.046875 0.0146484375 0.021484375
1 0.087890625 0.1982421875 0.01953125 0.0283203125
2 0.138671875 0.2880859375 0.0224609375 0.0361328125
1 0.12890625 0.369140625 0.02734375 0.0400390625
1 0.17578125 0.3759765625 0.017578125 0.0400390625
1 0.0146484375 0.48046875 0.025390625 0.0400390625
1 0.0703125 0.4619140625 0.025390625 0.0322265625
1 0.1298828125 0.47265625 0.0302734375 0.0400390625
2 0.111328125 0.5703125 0.02734375 0.0400390625
1 0.07421875 0.703125 0.02734375 0.0322265625
2 0.1591796875 0.630859375 0.0224609375 0.0400390625
1 0.361328125 0.0166015625 0.017578125 0.025390625
1 0.3515625 0.0556640625 0.0224609375 0.0322265625
1 0.3154296875 0.091796875 0.0146484375 0.025390625
1 0.2998046875 0.119140625 0.0146484375 0.0283203125
1 0.2646484375 0.1474609375 0.01953125 0.0283203125
1 0.244140625 0.2373046875 0.017578125 0.021484375
2 0.2109375 0.248046875 0.017578125 0.021484375
1 0.2216796875 0.2822265625 0.017578125 0.025390625
2 0.2646484375 0.2880859375 0.01953125 0.0283203125
1 0.2626953125 0.4013671875 0.01953125 0.0322265625
2 0.2841796875 0.44921875 0.017578125 0.0283203125
0 0.2890625 0.5615234375 0.02734375 0.04296875
1 0.259765625 0.611328125 0.0302734375 0.04296875
1 0.32421875 0.77734375 0.0322265625 0.05078125
1 0.244140625 0.9482421875 0.037109375 0.0537109375
1 0.4521484375 0.0166015625 0.009765625 0.017578125
1 0.41796875 0.0556640625 0.0146484375 0.025390625
1 0.3916015625 0.068359375 0.017578125 0.021484375
2 0.4013671875 0.1171875 0.0126953125 0.025390625
1 0.4296875 0.1064453125 0.01953125 0.0322265625
1 0.32421875 0.20703125 0.017578125 0.025390625
1 0.396484375 0.205078125 0.017578125 0.0283203125
2 0.3447265625 0.2392578125 0.01953125 0.0322265625
2 0.298828125 0.26953125 0.017578125 0.0283203125
1 0.3662109375 0.29296875 0.0224609375 0.0322265625
1 0.3408203125 0.369140625 0.0224609375 0.025390625
1 0.4521484375 0.3251953125 0.01953125 0.0322265625
1 0.419921875 0.3701171875 0.025390625 0.0283203125
1 0.35546875 0.4599609375 0.01953125 0.0361328125
1 0.431640625 0.431640625 0.0224609375 0.0361328125
1 0.375 0.6220703125 0.025390625 0.04296875
1 0.3798828125 0.6982421875 0.025390625 0.04296875
1 0.4091796875 0.7099609375 0.02734375 0.046875
1 0.4111328125 0.9375 0.037109375 0.0537109375
1 0.4609375 0.791015625 0.017578125 0.0361328125
1 0.46875 0.587890625 0.02734375 0.0400390625
1 0.4541015625 0.546875 0.02734375 0.0283203125
1 0.4765625 0.068359375 0.0126953125 0.021484375
1 0.5439453125 0.0322265625 0.0126953125 0.021484375
1 0.5087890625 0.0771484375 0.0126953125 0.0107421875
1 0.5390625 0.1064453125 0.017578125 0.025390625
1 0.572265625 0.0625 0.0146484375 0.025390625
1 0.49609375 0.140625 0.017578125 0.0283203125
1 0.5322265625 0.19921875 0.009765625 0.017578125
1 0.505859375 0.2392578125 0.0224609375 0.025390625
1 0.5595703125 0.298828125 0.01953125 0.0283203125
1 0.4853515625 0.36328125 0.01953125 0.0361328125
1 0.5546875 0.3486328125 0.01953125 0.0283203125
1 0.5361328125 0.3759765625 0.0224609375 0.0400390625
1 0.4951171875 0.455078125 0.01953125 0.0322265625
1 0.6279296875 0.0087890625 0.0146484375 0.017578125
1 0.6396484375 0.087890625 0.0146484375 0.025390625
1 0.666015625 0.068359375 0.0126953125 0.021484375
1 0.6923828125 0.0859375 0.009765625 0.021484375
1 0.7021484375 0.091796875 0.0146484375 0.025390625
2 0.67578125 0.13671875 0.0126953125 0.021484375
1 0.7353515625 0.1083984375 0.0146484375 0.0283203125
2 0.7373046875 0.1416015625 0.0146484375 0.025390625
1 0.708984375 0.203125 0.017578125 0.025390625
2 0.6435546875 0.1689453125 0.017578125 0.021484375
0 0.6220703125 0.1875 0.01953125 0.0283203125
1 0.634765625 0.296875 0.01953125 0.025390625
1 0.603515625 0.3935546875 0.0224609375 0.0322265625
1 0.669921875 0.384765625 0.01953125 0.0283203125
1 0.5966796875 0.5234375 0.02734375 0.0322265625
1 0.603515625 0.7607421875 0.0322265625 0.046875
1 0.5478515625 0.8701171875 0.03515625 0.05078125
1 0.646484375 0.8291015625 0.0322265625 0.046875
1 0.7666015625 0.0107421875 0.017578125 0.021484375
1 0.8203125 0.0751953125 0.0146484375 0.0283203125
2 0.8388671875 0.08984375 0.0126953125 0.021484375
1 0.8212890625 0.1416015625 0.0126953125 0.025390625
1 0.826171875 0.1708984375 0.017578125 0.025390625
1 0.775390625 0.2392578125 0.01953125 0.0322265625
1 0.818359375 0.3056640625 0.017578125 0.0283203125
1 0.6962890625 0.4248046875 0.0224609375 0.0361328125
1 0.7314453125 0.4013671875 0.0224609375 0.0322265625
1 0.7177734375 0.4619140625 0.025390625 0.0322265625
1 0.7265625 0.5380859375 0.0224609375 0.0400390625
1 0.69921875 0.5537109375 0.02734375 0.04296875
1 0.7578125 0.9150390625 0.03515625 0.0537109375
1 0.90234375 0.9765625 0.0400390625 0.0400390625
1 0.9658203125 0.982421875 0.037109375 0.0283203125
1 0.9091796875 0.8056640625 0.0322265625 0.04296875
1 0.94140625 0.7841796875 0.02734375 0.05078125
1 0.943359375 0.6044921875 0.02734375 0.04296875
1 0.943359375 0.5341796875 0.02734375 0.0400390625
1 0.9951171875 0.4892578125 0.009765625 0.0361328125
1 0.8974609375 0.4765625 0.01953125 0.017578125
1 0.9140625 0.435546875 0.0224609375 0.0361328125
1 0.880859375 0.3740234375 0.0224609375 0.0361328125
1 0.9248046875 0.3203125 0.01953125 0.0361328125
1 0.87109375 0.322265625 0.0224609375 0.0322265625
1 0.8515625 0.2822265625 0.017578125 0.0322265625
1 0.9091796875 0.2734375 0.0126953125 0.021484375
1 0.85546875 0.22265625 0.01953125 0.0283203125
1 0.8701171875 0.1669921875 0.0146484375 0.025390625
1 0.9609375 0.181640625 0.0126953125 0.025390625
1 0.982421875 0.1064453125 0.0146484375 0.025390625
1 0.89453125 0.072265625 0.0146484375 0.021484375
1 0.869140625 0.041015625 0.0126953125 0.025390625
1 0.9296875 0.0517578125 0.0146484375 0.017578125
2 0.95703125 0.0283203125 0.009765625 0.021484375
2 0.9931640625 0.0693359375 0.013671875 0.017578125