1 0.0322265625 0.17578125 0.025390625 0.06640625
1 0.08203125 0.109375 0.025390625 0.056640625
1 0.1162109375 0.2041015625 0.02734375 0.056640625
1 0.2021484375 0.1826171875 0.03515625 0.0712890625
1 0.2666015625 0.212890625 0.052734375 0.0849609375
1 0.3095703125 0.1181640625 0.0302734375 0.076171875
1 0.365234375 0.1181640625 0.025390625 0.056640625
1 0.5224609375 0.2060546875 0.0400390625 0.08984375
1 0.6015625 0.17578125 0.037109375 0.0947265625
1 0.71484375 0.17578125 0.0546875 0.11328125
1 0.8037109375 0.1923828125 0.0478515625 0.099609375
1 0.8935546875 0.15625 0.037109375 0.06640625
2 0.9072265625 0.455078125 0.0302734375 0.076171875