0 0.1064453125 0.236328125 0.1123046875 0.177734375
2 0.2353515625 0.1171875 0.0654296875 0.0830078125
1 0.35546875 0.2060546875 0.044921875 0.0869140625
1 0.412109375 0.34375 0.080078125 0.1279296875
1 0.255859375 0.7490234375 0.20703125 0.3056640625
1 0.5595703125 0.6845703125 0.1953125 0.3056640625
1 0.619140625 0.3984375 0.09765625 0.162109375
1 0.4970703125 0.2490234375 0.0703125 0.11328125
2 0.8310546875 0.2373046875 0.08203125 0.1279296875
1 0.9453125 0.1396484375 0.08984375 0.11328125
1 0.95703125 0.287109375 0.080078125 0.1435546875
1 0.7890625 0.552734375 0.1123046875 0.1845703125