1 0.1865234375 0.2939453125 0.052734375 0.076171875
1 0.4013671875 0.2666015625 0.0673828125 0.1025390625
1 0.5712890625 0.2626953125 0.0576171875 0.087890625
2 0.75 0.2626953125 0.0546875 0.0732421875
2 0.94921875 0.2861328125 0.052734375 0.0693359375
2 0.9638671875 0.083984375 0.0322265625 0.0439453125
2 0.6337890625 0.0380859375 0.017578125 0.0400390625
2 0.5712890625 0.05078125 0.0126953125 0.029296875
2 0.81640625 0.1220703125 0.0126953125 0.025390625
2 0.7421875 0.1201171875 0.0146484375 0.021484375
2 0.705078125 0.11328125 0.0146484375 0.021484375
1 0.4365234375 0.0986328125 0.017578125 0.029296875
2 0.3671875 0.1171875 0.0146484375 0.021484375
2 0.212890625 0.0966796875 0.0146484375 0.025390625
2 0.1513671875 0.1005859375 0.017578125 0.033203125
2 0.0673828125 0.0927734375 0.0146484375 0.033203125
2 0.0126953125 0.08984375 0.01953125 0.025390625