2 0.107421875 0.0859375 0.0400390625 0.0673828125
2 0.17578125 0.2138671875 0.0478515625 0.0673828125
2 0.166015625 0.373046875 0.052734375 0.0791015625
1 0.134765625 0.548828125 0.0498046875 0.0712890625
2 0.4716796875 0.1494140625 0.04296875 0.0673828125
1 0.427734375 0.3037109375 0.0498046875 0.0673828125
1 0.46875 0.400390625 0.0478515625 0.0673828125
1 0.443359375 0.5751953125 0.052734375 0.0791015625
1 0.740234375 0.0615234375 0.044921875 0.0634765625
1 0.8203125 0.1630859375 0.0498046875 0.0634765625
2 0.806640625 0.2880859375 0.04296875 0.052734375
2 0.7021484375 0.4248046875 0.044921875 0.0712890625
1 0.79296875 0.6240234375 0.0498046875 0.041015625