2 0.01953125 0.212890625 0.03515625 0.0595703125
2 0.06640625 0.1845703125 0.0478515625 0.0703125
2 0.12890625 0.1767578125 0.0322265625 0.0537109375
2 0.1337890625 0.2333984375 0.0224609375 0.0732421875
2 0.0615234375 0.3896484375 0.0322265625 0.0595703125
1 0.0908203125 0.51171875 0.0576171875 0.0966796875
0 0.14453125 0.6220703125 0.0595703125 0.103515625
2 0.2822265625 0.9521484375 0.0849609375 0.08984375
2 0.2822265625 0.044921875 0.0302734375 0.0498046875
2 0.294921875 0.162109375 0.0400390625 0.0703125
2 0.3466796875 0.203125 0.0322265625 0.0732421875
2 0.3798828125 0.216796875 0.0302734375 0.0732421875
2 0.26171875 0.376953125 0.04296875 0.06640625
1 0.3310546875 0.53515625 0.0478515625 0.08984375
1 0.4140625 0.5302734375 0.04296875 0.0869140625
2 0.49609375 0.205078125 0.0322265625 0.056640625
2 0.53125 0.20703125 0.02734375 0.0595703125
1 0.5849609375 0.2587890625 0.0302734375 0.0966796875
2 0.6728515625 0.1279296875 0.044921875 0.08984375
2 0.7548828125 0.158203125 0.03515625 0.0634765625
1 0.8837890625 0.1552734375 0.052734375 0.08984375
1 0.8701171875 0.3095703125 0.0498046875 0.11328125
2 0.28515625 0.0498046875 0.03515625 0.0400390625