1 0.197265625 0.078125 0.009765625 0.0224609375
1 0.2158203125 0.080078125 0.0126953125 0.0263671875
1 0.2548828125 0.0712890625 0.0146484375 0.0263671875
1 0.322265625 0.0537109375 0.025390625 0.0625
1 0.30078125 0.142578125 0.0322265625 0.03515625
1 0.1484375 0.09375 0.02734375 0.0625
1 0.451171875 0.115234375 0.017578125 0.0625
1 0.5029296875 0.130859375 0.0400390625 0.083984375
1 0.5927734375 0.1953125 0.0146484375 0.0263671875
1 0.6953125 0.1220703125 0.0400390625 0.0751953125
1 0.875 0.14453125 0.03515625 0.09375