1 0.06640625 0.595703125 0.0322265625 0.0595703125
1 0.1533203125 0.5390625 0.017578125 0.037109375
1 0.1923828125 0.6240234375 0.03515625 0.048828125
1 0.302734375 0.505859375 0.0498046875 0.08984375
1 0.4287109375 0.595703125 0.037109375 0.08203125
1 0.583984375 0.556640625 0.0322265625 0.056640625
1 0.6162109375 0.53515625 0.017578125 0.0302734375
2 0.6552734375 0.537109375 0.0146484375 0.0263671875
1 0.7373046875 0.59375 0.03515625 0.048828125
0 0.884765625 0.5302734375 0.044921875 0.0791015625
1 0.7724609375 0.5283203125 0.0146484375 0.0224609375