2 0.1220703125 0.2998046875 0.0654296875 0.1337890625
2 0.1865234375 0.423828125 0.0625 0.1044921875
2 0.19140625 0.59765625 0.0673828125 0.1376953125
2 0.2470703125 0.271484375 0.0595703125 0.1337890625
2 0.3349609375 0.5478515625 0.0751953125 0.162109375
1 0.4453125 0.578125 0.08984375 0.1953125
2 0.5400390625 0.3046875 0.0546875 0.1337890625
2 0.6064453125 0.6640625 0.08203125 0.1572265625
2 0.6201171875 0.4951171875 0.0654296875 0.1337890625
1 0.8828125 0.640625 0.080078125 0.185546875
2 0.9599609375 0.3544921875 0.0546875 0.119140625
2 0.6923828125 0.15234375 0.0546875 0.1044921875
2 0.87890625 0.2021484375 0.04296875 0.0810546875
2 0.482421875 0.2763671875 0.0546875 0.095703125