1 0.8427734375 0.443359375 0.1103515625 0.1083984375
1 0.6787109375 0.3427734375 0.072265625 0.130859375
1 0.61328125 0.3310546875 0.072265625 0.1162109375
1 0.54296875 0.2900390625 0.0703125 0.1083984375
1 0.4365234375 0.2958984375 0.0625 0.1044921875
1 0.39453125 0.279296875 0.03515625 0.1015625
1 0.3603515625 0.2900390625 0.03515625 0.0859375
1 0.3046875 0.2021484375 0.0546875 0.08984375
1 0.259765625 0.2470703125 0.0546875 0.08203125
1 0.119140625 0.263671875 0.0322265625 0.056640625
1 0.0234375 0.232421875 0.037109375 0.0673828125