1 0.7900390625 0.724609375 0.099609375 0.1533203125
2 0.833984375 0.5224609375 0.0771484375 0.1162109375
2 0.4462890625 0.556640625 0.0771484375 0.1162109375
1 0.521484375 0.6943359375 0.1025390625 0.146484375
1 0.95703125 0.544921875 0.0595703125 0.0859375
1 0.1865234375 0.626953125 0.08203125 0.1533203125
1 0.0751953125 0.505859375 0.0546875 0.08984375
1 0.2646484375 0.58203125 0.044921875 0.1015625
1 0.3515625 0.5302734375 0.052734375 0.0791015625
1 0.3916015625 0.48828125 0.0576171875 0.1083984375
1 0.517578125 0.4853515625 0.0595703125 0.09375
1 0.5673828125 0.4853515625 0.0400390625 0.0712890625
1 0.6123046875 0.3916015625 0.0302734375 0.056640625
1 0.7265625 0.35546875 0.04296875 0.052734375
2 0.2978515625 0.490234375 0.0400390625 0.0751953125
1 0.1201171875 0.41015625 0.03515625 0.056640625
1 0.3720703125 0.3857421875 0.044921875 0.0673828125
2 0.4716796875 0.3369140625 0.0322265625 0.052734375
1 0.5146484375 0.314453125 0.0146484375 0.037109375
1 0.6416015625 0.30859375 0.017578125 0.0341796875
1 0.423828125 0.3330078125 0.0224609375 0.037109375
1 0.2529296875 0.2958984375 0.01953125 0.0302734375
1 0.6845703125 0.369140625 0.03515625 0.048828125
1 0.5771484375 0.4248046875 0.0302734375 0.056640625
1 0.9140625 0.3125 0.0224609375 0.041015625
1 0.958984375 0.3037109375 0.0224609375 0.044921875
1 0.78125 0.3466796875 0.017578125 0.0341796875
1 0.9375 0.2998046875 0.01953125 0.037109375