1 0.076171875 0.64453125 0.1328125 0.2841796875
1 0.32421875 0.388671875 0.02734375 0.0576171875
1 0.40625 0.3974609375 0.0322265625 0.0751953125
1 0.544921875 0.3154296875 0.0302734375 0.0625
1 0.1328125 0.40625 0.0146484375 0.03125
1 0.44140625 0.3642578125 0.0126953125 0.0263671875
1 0.48828125 0.3642578125 0.017578125 0.03515625
1 0.6396484375 0.33984375 0.01953125 0.0224609375
1 0.7021484375 0.35546875 0.0302734375 0.0537109375
1 0.8984375 0.2998046875 0.1728515625 0.32421875
2 0.73046875 0.306640625 0.0146484375 0.03515625
1 0.21484375 0.3974609375 0.009765625 0.0400390625