1 0.107421875 0.5849609375 0.080078125 0.1796875
1 0.0673828125 0.2666015625 0.0654296875 0.1455078125
1 0.13671875 0.119140625 0.0576171875 0.150390625
1 0.224609375 0.51171875 0.0654296875 0.169921875
1 0.1650390625 0.408203125 0.0546875 0.1357421875
1 0.33203125 0.5947265625 0.0595703125 0.19921875
1 0.2724609375 0.9345703125 0.0947265625 0.12109375
1 0.427734375 0.8984375 0.1103515625 0.1943359375
1 0.419921875 0.359375 0.0703125 0.1748046875
1 0.3408203125 0.2431640625 0.0625 0.1455078125
1 0.544921875 0.37890625 0.0595703125 0.1455078125
1 0.5791015625 0.7841796875 0.08203125 0.16015625
1 0.62890625 0.5849609375 0.0625 0.1796875
1 0.60546875 0.3251953125 0.0654296875 0.1650390625
1 0.662109375 0.1259765625 0.0546875 0.1357421875
2 0.5361328125 0.091796875 0.0478515625 0.0966796875
1 0.7666015625 0.4169921875 0.0576171875 0.1455078125
1 0.8076171875 0.6796875 0.08984375 0.2041015625
1 0.8583984375 0.650390625 0.0576171875 0.1552734375
1 0.96484375 0.4560546875 0.0703125 0.1845703125
1 0.92578125 0.201171875 0.0625 0.150390625
1 0.943359375 0.0556640625 0.052734375 0.091796875
1 0.8486328125 0.361328125 0.0673828125 0.140625
1 0.9736328125 0.888671875 0.0478515625 0.2138671875