1 0.1171875 0.6123046875 0.0703125 0.0859375
1 0.24609375 0.5595703125 0.0576171875 0.09375
1 0.380859375 0.822265625 0.072265625 0.1015625
1 0.3115234375 0.537109375 0.0478515625 0.0712890625
1 0.3564453125 0.416015625 0.04296875 0.0673828125
0 0.267578125 0.365234375 0.03515625 0.056640625
1 0.16015625 0.4384765625 0.03515625 0.0673828125
1 0.1484375 0.359375 0.0224609375 0.044921875
1 0.208984375 0.318359375 0.0224609375 0.037109375
1 0.4697265625 0.4716796875 0.0654296875 0.08984375
1 0.5302734375 0.3916015625 0.0400390625 0.0712890625
1 0.7666015625 0.462890625 0.08203125 0.1083984375
1 0.931640625 0.5302734375 0.037109375 0.0859375
1 0.6240234375 0.35546875 0.0224609375 0.0673828125
1 0.5576171875 0.2587890625 0.03515625 0.0595703125
1 0.462890625 0.228515625 0.0302734375 0.044921875
1 0.3115234375 0.2568359375 0.0224609375 0.048828125
1 0.0927734375 0.3369140625 0.01953125 0.0595703125
1 0.072265625 0.28125 0.01953125 0.044921875
1 0.150390625 0.2470703125 0.0302734375 0.052734375
1 0.224609375 0.2119140625 0.01953125 0.0341796875