1 0.2763671875 0.2451171875 0.02734375 0.041015625
2 0.3583984375 0.271484375 0.037109375 0.048828125
1 0.486328125 0.234375 0.037109375 0.0634765625
1 0.61328125 0.2919921875 0.0478515625 0.0673828125
1 0.7177734375 0.326171875 0.044921875 0.0673828125
1 0.8359375 0.2978515625 0.0625 0.0859375
1 0.9775390625 0.2841796875 0.0400390625 0.1123046875
1 0.2216796875 0.28125 0.0224609375 0.037109375
1 0.193359375 0.2568359375 0.0224609375 0.041015625
1 0.1552734375 0.2587890625 0.01953125 0.037109375
1 0.1201171875 0.2548828125 0.025390625 0.0302734375