1 0.53515625 0.421875 0.0400390625 0.0498046875
1 0.78125 0.4814453125 0.037109375 0.04296875
2 0.875 0.490234375 0.0400390625 0.046875
2 0.7158203125 0.4453125 0.037109375 0.04296875
2 0.6552734375 0.41015625 0.03515625 0.0400390625
2 0.46875 0.4150390625 0.0322265625 0.0498046875
2 0.365234375 0.40625 0.0400390625 0.046875
2 0.44140625 0.3935546875 0.0322265625 0.0400390625
0 0.19921875 0.4013671875 0.04296875 0.0498046875
0 0.28125 0.4013671875 0.0322265625 0.0498046875
0 0.2490234375 0.556640625 0.0322265625 0.046875
0 0.615234375 0.4287109375 0.0400390625 0.0498046875
1 0.0703125 0.4384765625 0.01953125 0.0302734375
2 0.8408203125 0.45703125 0.0224609375 0.0263671875