1 0.2001953125 0.2890625 0.044921875 0.0625
1 0.3173828125 0.287109375 0.044921875 0.06640625
1 0.4326171875 0.3125 0.0546875 0.0732421875
1 0.099609375 0.275390625 0.025390625 0.0439453125
1 0.3125 0.22265625 0.0302734375 0.0478515625
1 0.2421875 0.2314453125 0.01953125 0.037109375
1 0.40234375 0.2578125 0.044921875 0.0732421875
1 0.857421875 0.28515625 0.044921875 0.0625
1 0.701171875 0.2412109375 0.04296875 0.0625
1 0.5986328125 0.251953125 0.04296875 0.0625
2 0.759765625 0.2626953125 0.03515625 0.0849609375
1 0.896484375 0.220703125 0.02734375 0.0517578125
1 0.1015625 0.3271484375 0.017578125 0.05859375