1 0.044921875 0.2646484375 0.0498046875 0.0966796875
1 0.107421875 0.2451171875 0.0595703125 0.0966796875
1 0.275390625 0.146484375 0.044921875 0.0927734375
1 0.2373046875 0.341796875 0.044921875 0.1044921875
1 0.3154296875 0.298828125 0.0498046875 0.1005859375
1 0.396484375 0.3095703125 0.0576171875 0.1044921875
1 0.4462890625 0.23046875 0.0576171875 0.0927734375
1 0.51171875 0.283203125 0.0576171875 0.1005859375
1 0.5703125 0.2490234375 0.0595703125 0.1044921875
1 0.6923828125 0.27734375 0.0498046875 0.087890625
1 0.74609375 0.28515625 0.04296875 0.1044921875
1 0.837890625 0.2490234375 0.0654296875 0.1123046875
1 0.9423828125 0.2373046875 0.0595703125 0.1044921875
1 0.3408203125 0.197265625 0.052734375 0.087890625
1 0.98828125 0.3818359375 0.0224609375 0.080078125