1 0.8447265625 0.1650390625 0.0546875 0.08984375
0 0.9345703125 0.2998046875 0.044921875 0.08203125
1 0.6435546875 0.1962890625 0.0478515625 0.0712890625
1 0.7099609375 0.2919921875 0.03515625 0.0595703125
1 0.0908203125 0.2099609375 0.04296875 0.0751953125
0 0.1171875 0.279296875 0.0546875 0.09375
0 0.4775390625 0.1962890625 0.0654296875 0.1015625
2 0.1953125 0.2919921875 0.0546875 0.08984375
2 0.021484375 0.2001953125 0.04296875 0.0634765625
2 0.3623046875 0.2451171875 0.044921875 0.0712890625
2 0.6025390625 0.216796875 0.03515625 0.0595703125
2 0.7265625 0.1533203125 0.0478515625 0.0673828125
2 0.2373046875 0.23046875 0.03515625 0.0634765625