1 0.1083984375 0.4892578125 0.0771484375 0.1904296875
1 0.2724609375 0.31640625 0.08984375 0.13671875
1 0.0859375 0.2236328125 0.0478515625 0.083984375
1 0.326171875 0.0908203125 0.04296875 0.083984375
1 0.4609375 0.3271484375 0.052734375 0.09765625
1 0.5234375 0.2607421875 0.037109375 0.0888671875
1 0.6220703125 0.2744140625 0.03515625 0.09765625
1 0.572265625 0.4560546875 0.0595703125 0.115234375
1 0.60546875 0.669921875 0.0595703125 0.1279296875
1 0.763671875 0.431640625 0.0673828125 0.1015625
1 0.5986328125 0.052734375 0.02734375 0.0703125
1 0.82421875 0.1279296875 0.037109375 0.0439453125
1 0.95703125 0.2060546875 0.0703125 0.13671875
1 0.4677734375 0.1064453125 0.01953125 0.0615234375