1 0.080078125 0.2431640625 0.03515625 0.0595703125
1 0.169921875 0.2490234375 0.0400390625 0.0712890625
2 0.2216796875 0.1962890625 0.02734375 0.041015625
2 0.2529296875 0.1552734375 0.0400390625 0.056640625
2 0.3525390625 0.193359375 0.044921875 0.0634765625
1 0.5009765625 0.234375 0.052734375 0.09375
0 0.5341796875 0.177734375 0.0224609375 0.056640625
2 0.5966796875 0.17578125 0.04296875 0.0673828125
0 0.6572265625 0.1650390625 0.044921875 0.0673828125
1 0.8212890625 0.14453125 0.0576171875 0.1015625
1 0.7490234375 0.1240234375 0.02734375 0.044921875
1 0.7177734375 0.193359375 0.025390625 0.041015625
2 0.0576171875 0.1650390625 0.0302734375 0.052734375