1 0.08203125 0.232421875 0.044921875 0.0673828125
1 0.1865234375 0.1142578125 0.0322265625 0.048828125
1 0.25390625 0.28125 0.04296875 0.0595703125
1 0.369140625 0.0859375 0.0322265625 0.044921875
1 0.412109375 0.14453125 0.0400390625 0.0634765625
1 0.5166015625 0.353515625 0.052734375 0.0859375
1 0.4541015625 0.080078125 0.037109375 0.056640625
1 0.517578125 0.08984375 0.03515625 0.052734375
1 0.6171875 0.263671875 0.044921875 0.0712890625
1 0.60546875 0.2060546875 0.03515625 0.052734375
2 0.419921875 0.0751953125 0.025390625 0.0302734375
2 0.5908203125 0.099609375 0.0224609375 0.041015625
1 0.59765625 0.0390625 0.025390625 0.0341796875
1 0.6640625 0.1328125 0.0322265625 0.041015625
2 0.6279296875 0.0224609375 0.025390625 0.037109375
0 0.6953125 0.0751953125 0.025390625 0.044921875
1 0.7470703125 0.0546875 0.0302734375 0.048828125
1 0.7666015625 0.0576171875 0.0126953125 0.0341796875
2 0.724609375 0.05078125 0.01953125 0.0341796875
2 0.8798828125 0.056640625 0.0302734375 0.037109375
1 0.9521484375 0.09765625 0.0302734375 0.044921875