1 0.0234375 0.16015625 0.04296875 0.080078125
1 0.08203125 0.20703125 0.0546875 0.1025390625
2 0.0986328125 0.357421875 0.052734375 0.09375
1 0.0458984375 0.853515625 0.0771484375 0.142578125
1 0.259765625 0.1044921875 0.0595703125 0.083984375
1 0.2734375 0.3818359375 0.0576171875 0.115234375
0 0.166015625 0.6484375 0.0576171875 0.1337890625
1 0.1240234375 0.740234375 0.072265625 0.1376953125
1 0.3759765625 0.9111328125 0.0673828125 0.1337890625
1 0.486328125 0.1044921875 0.0673828125 0.1025390625
1 0.4990234375 0.2958984375 0.0625 0.111328125
1 0.5166015625 0.693359375 0.0576171875 0.09765625
1 0.5673828125 0.7890625 0.0751953125 0.12890625
1 0.66015625 0.1025390625 0.0595703125 0.09765625
1 0.6396484375 0.3759765625 0.0546875 0.111328125
1 0.7470703125 0.1025390625 0.0703125 0.1240234375
1 0.82421875 0.03125 0.052734375 0.0625
1 0.8935546875 0.1982421875 0.0673828125 0.1025390625
1 0.9296875 0.56640625 0.0751953125 0.111328125