1 0.2646484375 0.1044921875 0.025390625 0.0634765625
1 0.2353515625 0.1474609375 0.0400390625 0.068359375
1 0.162109375 0.630859375 0.080078125 0.140625
1 0.3359375 0.5205078125 0.0625 0.126953125
1 0.41796875 0.3095703125 0.0546875 0.11328125
1 0.400390625 0.03125 0.01953125 0.0361328125
1 0.4560546875 0.0498046875 0.017578125 0.044921875
1 0.5546875 0.0791015625 0.0302734375 0.0498046875
1 0.541015625 0.2490234375 0.052734375 0.1083984375
1 0.568359375 0.4228515625 0.0625 0.1220703125
1 0.6513671875 0.244140625 0.0576171875 0.1083984375
2 0.7470703125 0.1240234375 0.0302734375 0.05859375
1 0.8095703125 0.15625 0.03515625 0.0771484375
1 0.7861328125 0.044921875 0.02734375 0.0546875
1 0.849609375 0.0380859375 0.03515625 0.05859375
1 0.8984375 0.0634765625 0.0322265625 0.044921875