1 0.0810546875 0.23046875 0.087890625 0.150390625
1 0.166015625 0.388671875 0.140625 0.2001953125
1 0.4013671875 0.361328125 0.072265625 0.099609375
1 0.435546875 0.2119140625 0.06640625 0.08203125
1 0.45703125 0.2900390625 0.05859375 0.1083984375
1 0.5322265625 0.263671875 0.115234375 0.162109375
1 0.6767578125 0.26171875 0.068359375 0.099609375
2 0.646484375 0.123046875 0.046875 0.0703125
2 0.73828125 0.201171875 0.046875 0.0732421875
1 0.810546875 0.2734375 0.0703125 0.1171875
1 0.8857421875 0.44140625 0.111328125 0.1533203125
1 0.884765625 0.2392578125 0.0546875 0.0791015625
1 0.8583984375 0.119140625 0.052734375 0.0732421875