1 0.0302734375 0.2373046875 0.0546875 0.0791015625
1 0.0859375 0.275390625 0.0322265625 0.0537109375
1 0.240234375 0.224609375 0.03515625 0.0615234375
1 0.3046875 0.2265625 0.0498046875 0.0859375
1 0.34375 0.2373046875 0.02734375 0.05078125
1 0.3935546875 0.275390625 0.037109375 0.0537109375
1 0.4658203125 0.2734375 0.037109375 0.05078125
1 0.56640625 0.3125 0.052734375 0.072265625
1 0.615234375 0.2158203125 0.044921875 0.064453125
1 0.7138671875 0.2353515625 0.0322265625 0.0537109375
1 0.7509765625 0.232421875 0.04296875 0.068359375
1 0.8291015625 0.3251953125 0.0478515625 0.068359375
1 0.9033203125 0.2666015625 0.04296875 0.0791015625
1 0.4228515625 0.2587890625 0.01953125 0.0361328125