1 0.021484375 0.2451171875 0.0322265625 0.06640625
1 0.1328125 0.1083984375 0.0595703125 0.1279296875
1 0.2587890625 0.3232421875 0.0224609375 0.0703125
0 0.37109375 0.3251953125 0.02734375 0.0576171875
1 0.40625 0.1484375 0.0322265625 0.0927734375
1 0.5146484375 0.166015625 0.025390625 0.083984375
1 0.50390625 0.2275390625 0.02734375 0.06640625
1 0.6552734375 0.2255859375 0.03515625 0.0703125
1 0.7041015625 0.234375 0.0322265625 0.0703125
1 0.7685546875 0.296875 0.017578125 0.0439453125
1 0.81640625 0.2431640625 0.037109375 0.0703125
1 0.8896484375 0.26953125 0.0302734375 0.0615234375
1 0.9248046875 0.2724609375 0.025390625 0.06640625