1 0.3974609375 0.2509765625 0.0703125 0.12890625
1 0.5390625 0.3935546875 0.0576171875 0.111328125
1 0.2890625 0.88671875 0.1328125 0.2177734375
1 0.5361328125 0.9306640625 0.1220703125 0.12890625
1 0.8388671875 0.2001953125 0.0576171875 0.1064453125
1 0.64453125 0.1533203125 0.0654296875 0.1025390625
1 0.724609375 0.158203125 0.0595703125 0.12890625
1 0.5126953125 0.2509765625 0.0654296875 0.12890625
1 0.52734375 0.046875 0.025390625 0.0751953125
1 0.4072265625 0.0869140625 0.044921875 0.083984375
1 0.26953125 0.03125 0.0302734375 0.0625
1 0.1572265625 0.0869140625 0.044921875 0.0751953125
1 0.0498046875 0.1220703125 0.0498046875 0.06640625
1 0.205078125 0.0537109375 0.0302734375 0.0625
1 0.787109375 0.0400390625 0.0400390625 0.080078125
2 0.228515625 0.1201171875 0.037109375 0.080078125