2 0.134765625 0.4384765625 0.0654296875 0.1064453125
2 0.1416015625 0.298828125 0.0576171875 0.083984375
1 0.21484375 0.2783203125 0.0498046875 0.0703125
2 0.2734375 0.3408203125 0.0478515625 0.080078125
1 0.3046875 0.263671875 0.044921875 0.083984375
2 0.2333984375 0.1943359375 0.052734375 0.09765625
1 0.1279296875 0.6220703125 0.0498046875 0.146484375
2 0.1923828125 0.6796875 0.0751953125 0.146484375
2 0.2626953125 0.7900390625 0.0751953125 0.1552734375
1 0.369140625 0.8671875 0.09765625 0.185546875
1 0.3701171875 0.5107421875 0.0654296875 0.1279296875
1 0.369140625 0.3447265625 0.0625 0.0888671875
2 0.3662109375 0.1748046875 0.037109375 0.06640625
1 0.4609375 0.185546875 0.04296875 0.09765625
1 0.4423828125 0.2412109375 0.0302734375 0.083984375
1 0.5087890625 0.18359375 0.04296875 0.083984375
2 0.5703125 0.1328125 0.0400390625 0.080078125
2 0.619140625 0.2060546875 0.0625 0.1103515625
1 0.462890625 0.447265625 0.0546875 0.1064453125
1 0.455078125 0.6220703125 0.0654296875 0.1015625
1 0.5615234375 0.5068359375 0.0625 0.1279296875
2 0.4814453125 0.796875 0.04296875 0.1064453125
2 0.431640625 0.833984375 0.04296875 0.1552734375
1 0.615234375 0.900390625 0.08984375 0.1640625
1 0.642578125 0.5576171875 0.0703125 0.1240234375
1 0.701171875 0.783203125 0.052734375 0.150390625
1 0.677734375 0.4052734375 0.0498046875 0.0927734375
1 0.755859375 0.5244140625 0.0576171875 0.1103515625
2 0.677734375 0.119140625 0.0498046875 0.0888671875
2 0.6748046875 0.2392578125 0.0400390625 0.0615234375
2 0.724609375 0.1484375 0.044921875 0.0751953125
1 0.8173828125 0.115234375 0.03515625 0.080078125
2 0.759765625 0.251953125 0.044921875 0.080078125
1 0.837890625 0.5048828125 0.0703125 0.080078125
2 0.8896484375 0.7392578125 0.080078125 0.1240234375