1 0.0966796875 0.2353515625 0.052734375 0.0625
1 0.259765625 0.2021484375 0.044921875 0.06640625
1 0.1552734375 0.287109375 0.01953125 0.0400390625
1 0.3359375 0.2470703125 0.02734375 0.048828125
1 0.423828125 0.2353515625 0.037109375 0.080078125
1 0.5302734375 0.255859375 0.0400390625 0.083984375
1 0.7109375 0.259765625 0.02734375 0.083984375
1 0.861328125 0.2421875 0.037109375 0.0751953125
1 0.58203125 0.3359375 0.009765625 0.0224609375
1 0.9873046875 0.357421875 0.009765625 0.0224609375
1 0.974609375 0.3642578125 0.0146484375 0.0263671875