1 0.06640625 0.3876953125 0.09765625 0.1650390625
1 0.32421875 0.2548828125 0.037109375 0.0703125
1 0.41796875 0.2822265625 0.0302734375 0.0751953125
1 0.62890625 0.2578125 0.037109375 0.0751953125
1 0.6884765625 0.1728515625 0.04296875 0.0947265625
1 0.892578125 0.259765625 0.080078125 0.2001953125
1 0.7109375 0.462890625 0.04296875 0.0849609375
2 0.8251953125 0.28515625 0.0546875 0.08984375
2 0.380859375 0.2177734375 0.0224609375 0.0546875
1 0.2900390625 0.212890625 0.01953125 0.0654296875
2 0.2021484375 0.1904296875 0.03515625 0.08984375
1 0.5498046875 0.1748046875 0.03515625 0.0703125