2 0.1298828125 0.90625 0.044921875 0.0654296875
2 0.02734375 0.673828125 0.0400390625 0.0654296875
2 0.1484375 0.681640625 0.037109375 0.0654296875
2 0.04296875 0.5712890625 0.03515625 0.0576171875
2 0.1640625 0.5302734375 0.04296875 0.0654296875
2 0.056640625 0.4345703125 0.037109375 0.0615234375
2 0.162109375 0.4365234375 0.03515625 0.041015625
2 0.201171875 0.3837890625 0.0322265625 0.048828125
2 0.0634765625 0.2880859375 0.0322265625 0.052734375
2 0.0966796875 0.2392578125 0.02734375 0.037109375
2 0.2099609375 0.2568359375 0.03515625 0.0576171875
2 0.1171875 0.1142578125 0.0302734375 0.048828125
2 0.20703125 0.130859375 0.03515625 0.0576171875
2 0.2265625 0.0634765625 0.0322265625 0.044921875
2 0.3935546875 0.1220703125 0.017578125 0.041015625
1 0.4697265625 0.1083984375 0.01953125 0.044921875
1 0.5166015625 0.09375 0.0224609375 0.041015625
2 0.4521484375 0.140625 0.0302734375 0.044921875
2 0.4560546875 0.1982421875 0.02734375 0.044921875
1 0.4365234375 0.2978515625 0.02734375 0.041015625
2 0.47265625 0.3486328125 0.01953125 0.044921875
2 0.451171875 0.400390625 0.0224609375 0.048828125
2 0.455078125 0.4873046875 0.0302734375 0.052734375
2 0.431640625 0.580078125 0.037109375 0.0576171875
2 0.4658203125 0.6552734375 0.0322265625 0.044921875
2 0.474609375 0.8369140625 0.03515625 0.041015625
2 0.4912109375 0.9287109375 0.04296875 0.0693359375
2 0.4599609375 0.912109375 0.0146484375 0.044921875
1 0.521484375 0.4404296875 0.0322265625 0.048828125
2 0.552734375 0.4833984375 0.03515625 0.0615234375
2 0.5595703125 0.3896484375 0.03515625 0.052734375
2 0.5322265625 0.3837890625 0.025390625 0.048828125
2 0.5234375 0.2060546875 0.017578125 0.037109375
2 0.544921875 0.228515625 0.0302734375 0.048828125
2 0.580078125 0.1083984375 0.025390625 0.044921875
2 0.587890625 0.2490234375 0.0302734375 0.048828125
2 0.634765625 0.2392578125 0.025390625 0.037109375
2 0.63671875 0.3466796875 0.0322265625 0.048828125
2 0.615234375 0.5224609375 0.0302734375 0.041015625
2 0.5615234375 0.6689453125 0.02734375 0.0576171875
2 0.59765625 0.71875 0.03515625 0.0576171875
2 0.6416015625 0.7138671875 0.0322265625 0.0576171875
2 0.6474609375 0.546875 0.03515625 0.0576171875
2 0.6376953125 0.9384765625 0.0302734375 0.0576171875
2 0.6162109375 0.1513671875 0.02734375 0.041015625
2 0.65625 0.1220703125 0.017578125 0.041015625
2 0.646484375 0.0693359375 0.0224609375 0.0322265625
2 0.7138671875 0.095703125 0.0224609375 0.037109375
2 0.6875 0.12890625 0.025390625 0.0283203125
2 0.7177734375 0.173828125 0.0302734375 0.037109375
2 0.705078125 0.2734375 0.03515625 0.041015625
2 0.728515625 0.2509765625 0.0126953125 0.044921875
2 0.69921875 0.37109375 0.0322265625 0.041015625
2 0.728515625 0.41796875 0.0322265625 0.052734375
2 0.75390625 0.4267578125 0.017578125 0.044921875
2 0.7412109375 0.5283203125 0.0322265625 0.052734375
2 0.7333984375 0.6669921875 0.037109375 0.044921875
2 0.767578125 0.8017578125 0.03515625 0.052734375
2 0.7841796875 0.873046875 0.0224609375 0.0322265625
2 0.7998046875 0.96484375 0.03515625 0.052734375
2 0.7587890625 0.099609375 0.017578125 0.0283203125