1 0.08203125 0.3134765625 0.0498046875 0.1025390625
1 0.1650390625 0.373046875 0.044921875 0.0888671875
1 0.349609375 0.3486328125 0.0546875 0.111328125
1 0.4033203125 0.32421875 0.04296875 0.080078125
1 0.451171875 0.5595703125 0.052734375 0.09765625
1 0.525390625 0.3115234375 0.0302734375 0.080078125
1 0.5595703125 0.322265625 0.044921875 0.09375
1 0.611328125 0.35546875 0.04296875 0.080078125
1 0.6484375 0.390625 0.04296875 0.0888671875
1 0.7109375 0.4130859375 0.0576171875 0.1064453125
1 0.7646484375 0.2998046875 0.03515625 0.0751953125
2 0.806640625 0.2998046875 0.037109375 0.06640625
1 0.880859375 0.2802734375 0.04296875 0.0888671875
1 0.9375 0.3017578125 0.0498046875 0.09765625
1 0.2978515625 0.27734375 0.03515625 0.0751953125
1 0.474609375 0.322265625 0.03515625 0.06640625
1 0.3662109375 0.27734375 0.037109375 0.06640625
1 0.837890625 0.2978515625 0.025390625 0.0537109375