1 0.0556640625 0.6259765625 0.0849609375 0.1865234375
1 0.3037109375 0.333984375 0.0615234375 0.107421875
1 0.34765625 0.6826171875 0.115234375 0.2685546875
1 0.55078125 0.498046875 0.0947265625 0.2021484375
0 0.5986328125 0.2763671875 0.06640625 0.1416015625
1 0.654296875 0.2509765625 0.0478515625 0.1103515625
1 0.751953125 0.2587890625 0.0634765625 0.138671875
1 0.8427734375 0.330078125 0.0986328125 0.173828125
1 0.9658203125 0.1611328125 0.0380859375 0.0947265625
1 0.66796875 0.7080078125 0.1162109375 0.2109375
2 0.3896484375 0.21484375 0.044921875 0.076171875