1 0.1083984375 0.5615234375 0.1123046875 0.171875
1 0.2041015625 0.814453125 0.1220703125 0.1982421875
1 0.3154296875 0.4716796875 0.0654296875 0.1044921875
1 0.2373046875 0.4755859375 0.0498046875 0.0673828125
1 0.3037109375 0.3447265625 0.0478515625 0.0751953125
1 0.41796875 0.3759765625 0.044921875 0.09375
1 0.3798828125 0.3427734375 0.0302734375 0.048828125
1 0.4775390625 0.498046875 0.0703125 0.1201171875
1 0.62109375 0.3896484375 0.0673828125 0.1201171875
1 0.7724609375 0.3466796875 0.0498046875 0.09375
1 0.76171875 0.59765625 0.0927734375 0.138671875
1 0.8583984375 0.8837890625 0.1474609375 0.2021484375
1 0.8896484375 0.3759765625 0.0400390625 0.0712890625
1 0.951171875 0.453125 0.0478515625 0.0673828125
1 0.958984375 0.7099609375 0.08203125 0.2138671875
1 0.6865234375 0.41796875 0.04296875 0.0712890625
1 0.9541015625 0.3525390625 0.037109375 0.044921875